 weather forecast and its components  
 date  time  utc_time  time_in_h  file  systematic_a random_a forecast 
 2020-04-21 16:56:26.939595  1587488186.939595  0.25305555555555553  -1.0481666666666456  -0.3080516731545754  0.4433627732416322  -0.9128555665795888 
 2020-04-21 17:11:26.939595  1587489086.939595  0.5030555555555556  -0.8981666666666115  -0.4343337810179325  0.744073925585005  -0.588426522099539 
 2020-04-21 17:26:26.939595  1587489986.939595  0.7530555555555556  -0.7481666666666342  -0.53140928984478  0.9724883878298967  -0.30708756868151754 
 2020-04-21 17:41:26.939595  1587490886.939595  1.0030555555555556  -0.5990833333333399  -0.6133072911137886  0.03317127479341697  -1.1792193496537116 
 2020-04-21 17:56:26.939595  1587491786.939595  1.2530555555555556  -0.5240833333333512  -0.685489484480494  0.31191769445405115  -0.897655123359794 
 2020-04-21 18:11:26.939595  1587492686.939595  1.5030555555555556  -0.4490833333333626  -0.7507635002671169  0.5896376723941815  -0.610209161206298 
 2020-04-21 18:26:26.939595  1587493586.939595  1.7530555555555556  -0.37408333333334554  -0.8107995025487702  0.7578288851667243  -0.42705395071539143 
 2020-04-21 18:41:26.939595  1587494486.939595  2.0030555555555556  -0.2993888888888989  -0.8666866984864445  0.6416460730770095  -0.524429514298334 
 2020-04-21 18:56:26.939595  1587495386.939595  2.2530555555555556  -0.24938888888888755  -0.91918215459904  0.212225990673641  -0.9563450528142865 
 2020-04-21 19:11:26.939595  1587496286.939595  2.5030555555555556  -0.1993888888889046  -0.968837361652271  0.9272042515474276  -0.241021998993748 
 2020-04-21 19:26:26.939595  1587497186.939595  2.7530555555555556  -0.14938888888889323  -1.0160688132864493  0.7488348703279167  -0.41662283184742577 
 2020-04-21 19:41:26.939595  1587498086.939595  3.0030555555555556  -0.1012222222221908  -1.0612001853247734  0.7484341585128781  -0.41398824903408615 
 2020-04-21 19:56:26.939595  1587498986.939595  3.2530555555555556  -0.20122222222221353  -1.1044889466777534  0.7457242870616994  -0.5599868818382676 
 2020-04-21 20:11:26.939595  1587499886.939595  3.5030555555555556  -0.3012222222221794  -1.1461438973066749  0.2933985172796715  -1.1539676022491827 
 2020-04-21 20:26:26.939595  1587500786.939595  3.7530555555555556  -0.40122222222220216  -1.186337149942348  0.3936783964922921  -1.1938809756722581 
 2020-04-21 20:41:26.939595  1587501686.939595  4.003055555555555  -0.5006111111111125  -1.2252125665913378  0.2403981502567587  -1.4854255274456916 
 2020-04-21 20:56:26.939595  1587502586.939595  4.253055555555555  -0.5506111111111238  -1.2628918533799056  0.6298385941424492  -1.18366437034858 
 2020-04-21 21:11:26.939595  1587503486.939595  4.503055555555555  -0.6006111111111352  -1.2994790622912449  0.1589255075598459  -1.7411646658425342 
 2020-04-21 21:26:26.939595  1587504386.939595  4.753055555555555  -0.6506111111111181  -1.3350639809886764  0.144190833790669  -1.8414842583091255 
 2020-04-21 21:41:26.939595  1587505286.939595  5.003055555555555  -0.6993888888889046  -1.3697247290362153  0.8704376113401903  -1.1986760065849298 
 2020-04-21 21:56:26.939595  1587506186.939595  5.253055555555555  -0.6493888888889217  -1.4035297764327386  0.09444043501431953  -1.9584782303073407 
 2020-04-21 22:11:26.939595  1587507086.939595  5.503055555555555  -0.5993888888889103  -1.4365395342047964  0.512943543717255  -1.5229848793764518 
 2020-04-21 22:26:26.939595  1587507986.939595  5.753055555555555  -0.5493888888888989  -1.4688076229831233  0.10362702128319223  -1.91456949058883 
 2020-04-21 22:41:26.939595  1587508886.939595  6.003055555555555  -0.5  -1.5003818958296362  0.4743851955474183  -1.525996700282218 
 2020-04-21 22:56:26.939595  1587509786.939595  6.253055555555555  -0.5  -1.5313052711113264  0.34307317771022827  -1.6882320934010981 
 2020-04-21 23:11:26.939595  1587510686.939595  6.503055555555555  -0.5  -1.5616164168365203  0.5232117144020829  -1.5384047024344374 
 2020-04-21 23:26:26.939595  1587511586.939595  6.753055555555555  -0.5  -1.5913503176024233  0.6900235721093971  -1.401326745493026 
 2020-04-21 23:41:26.939595  1587512486.939595  7.003055555555555  -0.4984722222222331  -1.6205387478654538  0.4049385060090529  -1.714072464078634 
 2020-04-21 23:56:26.939595  1587513386.939595  7.253055555555555  -0.3734722222222331  -1.6492106697851956  0.8549187461546349  -1.1677641458527939 
 2020-04-22 00:11:26.939595  1587514286.939595  7.503055555555555  -0.24847222222223309  -1.6773925698337084  0.6771606804862969  -1.2487041115696447 
 2020-04-22 00:26:26.939595  1587515186.939595  7.753055555555555  -0.12347222222223309  -1.7051087453102025  0.4576349481188746  -1.370946019413561 
 2020-04-22 00:41:26.939595  1587516086.939595  8.003055555555555  0.0009166666666544643  -1.7323815495823467  0.9945918317480983  -0.7368730511675939 
 2020-04-22 00:56:26.939595  1587516986.939595  8.253055555555555  0.0759166666666431  -1.7592316030964579  0.4254114666213904  -1.2579034698084244 
 2020-04-22 01:11:26.939595  1587517886.939595  8.503055555555555  0.15091666666666015  -1.7856779758213217  0.49479624702805935  -1.1399650621266022 
 2020-04-22 01:26:26.939595  1587518786.939595  8.753055555555555  0.22591666666664878  -1.8117383457147813  0.9463565296949872  -0.6394651493531454 
 2020-04-22 01:41:26.939595  1587519686.939595  9.003055555555555  0.30122222222223627  -1.8374291369555813  0.10460393371491183  -1.4316029810184332 
 2020-04-22 01:56:26.939595  1587520586.939595  9.253055555555555  0.401222222222259  -1.8627656410115936  0.5899844021058969  -0.8715590166834377 
 2020-04-22 02:11:26.939595  1587521486.939595  9.503055555555555  0.5012222222222249  -1.8877621230794235  0.7012392315798781  -0.6853006692773205 
 2020-04-22 02:26:26.939595  1587522386.939595  9.753055555555555  0.6012222222222476  -1.9124319159994516  0.6772892156138983  -0.6339204781633057 
 2020-04-22 02:41:26.939595  1587523286.939595  10.003055555555555  0.6996944444444466  -1.9367875034017885  0.662597515156742  -0.5744955438005999 
 2020-04-22 02:56:26.939595  1587524186.939595  10.253055555555555  0.6746944444444551  -1.9608405935550532  0.3058470737883128  -0.9802990753222853 
 2020-04-22 03:11:26.939595  1587525086.939595  10.503055555555555  0.6496944444444495  -1.9846021851578552  0.7718597647248089  -0.5630479759885969 
 2020-04-22 03:26:26.939595  1587525986.939595  10.753055555555555  0.6246944444444438  -2.008082626122076  0.39792856539202237  -0.9854596162856097 
 2020-04-22 03:41:26.939595  1587526886.939595  11.003055555555555  0.5966388888889469  -2.031291666239325  0.9507415821295107  -0.48391119522086745 
 2020-04-22 03:56:26.939595  1587527786.939595  11.253055555555555  0.32163888888885594  -2.054238504490979  0.3421303476023665  -1.3904692679997566 
 2020-04-22 04:11:26.939595  1587528686.939595  11.503055555555555  0.04663888888887868  -2.0769318316529635  0.6083126910956183  -1.4219802516684665 
 2020-04-22 04:26:26.939595  1587529586.939595  11.753055555555555  -0.22836111111109858  -2.099379868754898  0.8633763614602383  -1.4643646184057584 
 2020-04-22 04:41:26.939595  1587530486.939595  12.003055555555555  -0.5021388888888509  -2.1215904018762277  0.46996791219404166  -2.153761378571037 
 2020-04-22 04:56:26.939595  1587531386.939595  12.253055555555555  -0.6771388888888623  -2.1435708136969334  0.06824667091575876  -2.752463031670037 
 2020-04-22 05:11:26.939595  1587532286.939595  12.503055555555555  -0.8521388888888737  -2.165328112165298  0.15039408789687148  -2.8670729131573003 
 2020-04-22 05:26:26.939595  1587533186.939595  12.753055555555555  -1.027138888888885  -2.186868956598299  0.4699027408341361  -2.744105104653048 
 2020-04-22 05:41:26.939595  1587534086.939595  13.003055555555555  -1.2030555555554656  -2.2081996814901803  0.9656032902114111  -2.445651946834235 
 2020-04-22 05:56:26.939595  1587534986.939595  13.253055555555555  -1.4530555555554656  -2.229326318270462  0.855292672633897  -2.8270892011920306 
 2020-04-22 06:11:26.939595  1587535886.939595  13.503055555555555  -1.7030555555554656  -2.250254615223205  0.42421256829523313  -3.5290976024834375 
 2020-04-22 06:26:26.939595  1587536786.939595  13.753055555555555  -1.9530555555554656  -2.270990055753951  0.08862609010313971  -4.135419521206277 
 2020-04-22 06:41:26.939595  1587537686.939595  14.003055555555555  -2.201833333333468  -2.291537875168842  0.22000537014117905  -4.273365838361132 
 2020-04-22 06:56:26.939595  1587538586.939595  14.253055555555555  -2.351833333333502  -2.3119030761113954  0.7433177564948845  -3.920418652950013 
 2020-04-22 07:11:26.939595  1587539486.939595  14.503055555555555  -2.5018333333334795  -2.3320904427858995  0.7911603387557689  -4.04276343736361 
 2020-04-22 07:26:26.939595  1587540386.939595  14.753055555555555  -2.6518333333335136  -2.3521045540820107  0.41036641975177  -4.593571467663754 
 2020-04-22 07:41:26.939595  1587541286.939595  15.003055555555555  -2.8018333333333203  -2.371949795702543  0.8345720002831531  -4.33921112875271 
 2020-04-22 07:56:26.939595  1587542186.939595  15.253055555555555  -2.9518333333333544  -2.391630371385456  0.4604668596320045  -4.882996845086806 
 2020-04-22 08:11:26.939595  1587543086.939595  15.503055555555555  -3.1018333333333317  -2.411150313301378  0.46071900880900607  -5.0522646378257035 
 2020-04-22 08:26:26.939595  1587543986.939595  15.753055555555555  -3.251833333333309  -2.4305134916995077  0.3914860569503342  -5.290860768082482 
 2020-04-22 08:41:26.939595  1587544886.939595  16.003055555555555  -3.4018333333331157  -2.4497236238672584  0.18858174711596254  -5.6629752100844115 
 2020-04-22 08:56:26.939595  1587545786.939595  16.253055555555555  -3.551833333333093  -2.468784282462389  0.1947393914850868  -5.8258782243103955 
 2020-04-22 09:11:26.939595  1587546686.939595  16.503055555555555  -3.701833333333127  -2.487698903270517  0.05486841846697743  -6.134663818136667 
 2020-04-22 09:26:26.939595  1587547586.939595  16.753055555555555  -3.8518333333331043  -2.5064707924357177  0.689298268741604  -5.6690058570272175 
 2020-04-22 09:41:26.939595  1587548486.939595  17.003055555555555  -4.003055555555534  -2.5251031332073017  0.1530099300717911  -6.3751487586910445 
 2020-04-22 09:56:26.939595  1587549386.939595  17.253055555555555  -4.253055555555534  -2.543598992241767  0.7980537236972509  -5.99860082410005 
 2020-04-22 10:11:26.939595  1587550286.939595  17.503055555555555  -4.503055555555534  -2.561961325495241  0.8330693630288644  -6.231947518021911 
 2020-04-22 10:26:26.939595  1587551186.939595  17.753055555555555  -4.753055555555534  -2.58019298373849  0.9999366905276843  -6.333311848766339 
 2020-04-22 10:41:26.939595  1587552086.939595  18.003055555555555  -5.001527777777767  -2.598296717723619  0.39466880586068154  -7.205155689640705 
 2020-04-22 10:56:26.939595  1587552986.939595  18.253055555555555  -5.126527777777767  -2.616275183028982  0.43944021844937886  -7.30336274235737 
 2020-04-22 11:11:26.939595  1587553886.939595  18.503055555555555  -5.251527777777767  -2.6341309446064622  0.7572941278672829  -7.128364594516946 
 2020-04-22 11:26:26.939595  1587554786.939595  18.753055555555555  -5.376527777777767  -2.651866481053172  0.29774325154979486  -7.7306510072811445 
 2020-04-22 11:41:26.939595  1587555686.939595  19.003055555555555  -5.5  -2.6694841886277083  0.17455582595627295  -7.994928362671436 
 2020-04-22 11:56:26.939595  1587556586.939595  19.253055555555555  -5.5  -2.6869863850293947  0.012796124159100142  -8.174190260870294 
 2020-04-22 12:11:26.939595  1587557486.939595  19.503055555555555  -5.5  -2.704375312957381  0.3950130443936941  -7.809362268563687 
 2020-04-22 12:26:26.939595  1587558386.939595  19.753055555555555  -5.5  -2.7216531434650766  0.33033432604668844  -7.891318817418388 
 2020-04-22 12:41:26.939595  1587559286.939595  20.003055555555555  -5.5  -2.738821979124115  0.2593021362521992  -7.979519842871916 
 2020-04-22 12:56:26.939595  1587560186.939595  20.253055555555555  -5.5  -2.7558838570109105  0.6527572716929146  -7.603126585317996 
 2020-04-22 13:11:26.939595  1587561086.939595  20.503055555555555  -5.5  -2.772840751527814  0.534538290924703  -7.738302460603111 
 2020-04-22 13:26:26.939595  1587561986.939595  20.753055555555555  -5.5  -2.7896945770699224  0.8842210764066738  -7.405473500663248 
 2020-04-22 13:41:26.939595  1587562886.939595  21.003055555555555  -5.500611111110942  -2.8064471905477455  0.040720143042146884  -8.266338158616541 
 2020-04-22 13:56:26.939595  1587563786.939595  21.253055555555555  -5.550611111110953  -2.823100393775137  0.6506724809305684  -7.723039023955522 
 2020-04-22 14:11:26.939595  1587564686.939595  21.503055555555555  -5.600611111110965  -2.8396559357311815  0.7317138361085367  -7.708553210733609 
 2020-04-22 14:26:26.939595  1587565586.939595  21.753055555555555  -5.650611111110948  -2.8561155147040767  0.07977323982367857  -8.426953385991347 
 2020-04-22 14:41:26.939595  1587566486.939595  22.003055555555555  -5.700611111110959  -2.8724807803244454  0.07179753707318914  -8.501294354362216 
 2020-04-22 14:56:26.939595  1587567386.939595  22.253055555555555  -5.750611111110942  -2.888753335494973  0.967114165762957  -7.672250280842958 
 2020-04-22 15:11:26.939595  1587568286.939595  22.503055555555555  -5.800611111110953  -2.9049347382227593  0.897687318724361  -7.8078585306093515 
 2020-04-22 15:26:26.939595  1587569186.939595  22.753055555555555  -5.850611111110965  -2.921026503360306  0.2520860856994167  -8.519551528771853 
 2020-04-22 15:41:26.939595  1587570086.939595  23.003055555555555  -5.900305555555676  -2.9370301042606517  0.0145618663187852  -8.822773793497543 
 2020-04-22 15:56:26.939595  1587570986.939595  23.253055555555555  -5.925305555555681  -2.9529469743517804  0.46299373508573094  -8.415258794821732 
 2020-04-22 16:11:26.939595  1587571886.939595  23.503055555555555  -5.950305555555673  -2.9687785086350473  0.12937676720621427  -8.789707296984506 
 2020-04-22 16:26:26.939595  1587572786.939595  23.753055555555555  -5.975305555555678  -2.9845260651120693  0.9328649352381979  -8.02696668542955 
 2020-04-22 16:41:26.939595  1587573686.939595  24.003055555555555  -6.001222222222111  -3.000190966144211  0.5512861983082771  -8.450126990058045 
