 time load temp 
   0.00000    0.00000   -1.20000
   0.00278    0.00774   -1.19833
   0.00556    0.02531   -1.19667
   0.00833    0.04283   -1.19500
   0.01111    0.06031   -1.19333
   0.01389    0.07773   -1.19167
   0.01667    0.09511   -1.19000
   0.01944    0.11244   -1.18833
   0.02222    0.12972   -1.18667
   0.02500    0.14695   -1.18500
   0.02778    0.16413   -1.18333
   0.03056    0.18126   -1.18167
   0.03333    0.19835   -1.18000
   0.03611    0.21539   -1.17833
   0.03889    0.23238   -1.17667
   0.04167    0.24932   -1.17500
   0.04444    0.26621   -1.17333
   0.04722    0.28305   -1.17167
   0.05000    0.29985   -1.17000
   0.05278    0.31660   -1.16833
   0.05556    0.33329   -1.16667
   0.05833    0.34995   -1.16500
   0.06111    0.36655   -1.16333
   0.06389    0.38310   -1.16167
   0.06667    0.39961   -1.16000
   0.06944    0.41607   -1.15833
   0.07222    0.43248   -1.15667
   0.07500    0.44884   -1.15500
   0.07778    0.46516   -1.15333
   0.08056    0.48142   -1.15167
   0.08333    0.49764   -1.15000
   0.08611    0.51381   -1.14833
   0.08889    0.52993   -1.14667
   0.09167    0.54601   -1.14500
   0.09444    0.56203   -1.14333
   0.09722    0.57801   -1.14167
   0.10000    0.59394   -1.14000
   0.10278    0.60983   -1.13833
   0.10556    0.62566   -1.13667
   0.10833    0.64133   -1.13500
   0.11111    0.64125   -1.13333
   0.11389    0.64116   -1.13167
   0.11667    0.64107   -1.13000
   0.11944    0.64098   -1.12833
   0.12222    0.64089   -1.12667
   0.12500    0.64080   -1.12500
   0.12778    0.64071   -1.12333
   0.13056    0.64062   -1.12167
   0.13333    0.64053   -1.12000
   0.13611    0.64044   -1.11833
   0.13889    0.64035   -1.11667
   0.14167    0.64026   -1.11500
   0.14444    0.64017   -1.11333
   0.14722    0.64008   -1.11167
   0.15000    0.63999   -1.11000
   0.15278    0.63989   -1.10833
   0.15556    0.63980   -1.10667
   0.15833    0.63971   -1.10500
   0.16111    0.63961   -1.10333
   0.16389    0.63952   -1.10167
   0.16667    0.63943   -1.10000
   0.16944    0.63933   -1.09833
   0.17222    0.63924   -1.09667
   0.17500    0.63914   -1.09500
   0.17778    0.63905   -1.09333
   0.18056    0.63895   -1.09167
   0.18333    0.63886   -1.09000
   0.18611    0.63876   -1.08833
   0.18889    0.63867   -1.08667
   0.19167    0.63857   -1.08500
   0.19444    0.63847   -1.08333
   0.19722    0.63838   -1.08167
   0.20000    0.63828   -1.08000
   0.20278    0.63818   -1.07833
   0.20556    0.63809   -1.07667
   0.20833    0.63799   -1.07500
   0.21111    0.63789   -1.07333
   0.21389    0.63779   -1.07167
   0.21667    0.63770   -1.07000
   0.21944    0.63760   -1.06833
   0.22222    0.63750   -1.06667
   0.22500    0.63740   -1.06500
   0.22778    0.63730   -1.06333
   0.23056    0.63720   -1.06167
   0.23333    0.63710   -1.06000
   0.23611    0.63700   -1.05833
   0.23889    0.63690   -1.05667
   0.24167    0.63680   -1.05500
   0.24444    0.63670   -1.05333
   0.24722    0.63660   -1.05167
   0.25000    0.63650   -1.05000
   0.25278    0.63640   -1.04833
   0.25556    0.63630   -1.04667
   0.25833    0.63620   -1.04500
   0.26111    0.63610   -1.04333
   0.26389    0.63600   -1.04167
   0.26667    0.63590   -1.04000
   0.26944    0.63580   -1.03833
   0.27222    0.63570   -1.03667
   0.27500    0.63560   -1.03500
   0.27778    0.63549   -1.03333
   0.28056    0.63539   -1.03167
   0.28333    0.63529   -1.03000
   0.28611    0.63519   -1.02833
   0.28889    0.63509   -1.02667
   0.29167    0.63499   -1.02500
   0.29444    0.63488   -1.02333
   0.29722    0.63478   -1.02167
   0.30000    0.63468   -1.02000
   0.30278    0.63458   -1.01833
   0.30556    0.63447   -1.01667
   0.30833    0.63437   -1.01500
   0.31111    0.63427   -1.01333
   0.31389    0.63417   -1.01167
   0.31667    0.63406   -1.01000
   0.31944    0.63396   -1.00833
   0.32222    0.63386   -1.00667
   0.32500    0.63375   -1.00500
   0.32778    0.63365   -1.00333
   0.33056    0.63355   -1.00167
   0.33333    0.63344   -1.00000
   0.33611    0.63334   -0.99833
   0.33889    0.63324   -0.99667
   0.34167    0.63313   -0.99500
   0.34444    0.63303   -0.99333
   0.34722    0.63293   -0.99167
   0.35000    0.63282   -0.99000
   0.35278    0.63272   -0.98833
   0.35556    0.63262   -0.98667
   0.35833    0.63251   -0.98500
   0.36111    0.63241   -0.98333
   0.36389    0.63231   -0.98167
   0.36667    0.63220   -0.98000
   0.36944    0.63210   -0.97833
   0.37222    0.63200   -0.97667
   0.37500    0.63189   -0.97500
   0.37778    0.63179   -0.97333
   0.38056    0.63168   -0.97167
   0.38333    0.63158   -0.97000
   0.38611    0.63148   -0.96833
   0.38889    0.63137   -0.96667
   0.39167    0.63127   -0.96500
   0.39444    0.63117   -0.96333
   0.39722    0.63106   -0.96167
   0.40000    0.63096   -0.96000
   0.40278    0.63090   -0.95833
   0.40556    0.63085   -0.95667
   0.40833    0.63080   -0.95500
   0.41111    0.63075   -0.95333
   0.41389    0.63070   -0.95167
   0.41667    0.63065   -0.95000
   0.41944    0.63060   -0.94833
   0.42222    0.63055   -0.94667
   0.42500    0.63050   -0.94500
   0.42778    0.63045   -0.94333
   0.43056    0.63040   -0.94167
   0.43333    0.63035   -0.94000
   0.43611    0.63030   -0.93833
   0.43889    0.63025   -0.93667
   0.44167    0.63020   -0.93500
   0.44444    0.63015   -0.93333
   0.44722    0.63010   -0.93167
   0.45000    0.63005   -0.93000
   0.45278    0.63000   -0.92833
   0.45556    0.62995   -0.92667
   0.45833    0.62990   -0.92500
   0.46111    0.62985   -0.92333
   0.46389    0.62980   -0.92167
   0.46667    0.62975   -0.92000
   0.46944    0.62970   -0.91833
   0.47222    0.62965   -0.91667
   0.47500    0.62961   -0.91500
   0.47778    0.62956   -0.91333
   0.48056    0.62951   -0.91167
   0.48333    0.62946   -0.91000
   0.48611    0.62941   -0.90833
   0.48889    0.62936   -0.90667
   0.49167    0.62931   -0.90500
   0.49444    0.62926   -0.90333
   0.49722    0.62921   -0.90167
   0.50000    0.62916   -0.90000
   0.50278    0.62911   -0.89833
   0.50556    0.62906   -0.89667
   0.50833    0.62901   -0.89500
   0.51111    0.62896   -0.89333
   0.51389    0.62891   -0.89167
   0.51667    0.62886   -0.89000
   0.51944    0.62881   -0.88833
   0.52222    0.62876   -0.88667
   0.52500    0.62871   -0.88500
   0.52778    0.62866   -0.88333
   0.53056    0.62861   -0.88167
   0.53333    0.62856   -0.88000
   0.53611    0.62851   -0.87833
   0.53889    0.62846   -0.87667
   0.54167    0.62841   -0.87500
   0.54444    0.62836   -0.87333
   0.54722    0.62831   -0.87167
   0.55000    0.62826   -0.87000
   0.55278    0.62821   -0.86833
   0.55556    0.62816   -0.86667
   0.55833    0.62811   -0.86500
   0.56111    0.62806   -0.86333
   0.56389    0.62801   -0.86167
   0.56667    0.62796   -0.86000
   0.56944    0.62791   -0.85833
   0.57222    0.62786   -0.85667
   0.57500    0.62781   -0.85500
   0.57778    0.62776   -0.85333
   0.58056    0.62771   -0.85167
   0.58333    0.62766   -0.85000
   0.58611    0.62761   -0.84833
   0.58889    0.62756   -0.84667
   0.59167    0.62751   -0.84500
   0.59444    0.62746   -0.84333
   0.59722    0.62741   -0.84167
   0.60000    0.62736   -0.84000
   0.60278    0.62731   -0.83833
   0.60556    0.62726   -0.83667
   0.60833    0.62721   -0.83500
   0.61111    0.62716   -0.83333
   0.61389    0.62711   -0.83167
   0.61667    0.62706   -0.83000
   0.61944    0.62701   -0.82833
   0.62222    0.62696   -0.82667
   0.62500    0.62691   -0.82500
   0.62778    0.62686   -0.82333
   0.63056    0.62681   -0.82167
   0.63333    0.62676   -0.82000
   0.63611    0.62671   -0.81833
   0.63889    0.62666   -0.81667
   0.64167    0.62661   -0.81500
   0.64444    0.62656   -0.81333
   0.64722    0.62651   -0.81167
   0.65000    0.62646   -0.81000
   0.65278    0.62641   -0.80833
   0.65556    0.62636   -0.80667
   0.65833    0.62631   -0.80500
   0.66111    0.62626   -0.80333
   0.66389    0.62621   -0.80167
   0.66667    0.62616   -0.80000
   0.66944    0.62611   -0.79833
   0.67222    0.62606   -0.79667
   0.67500    0.62601   -0.79500
   0.67778    0.62596   -0.79333
   0.68056    0.62591   -0.79167
   0.68333    0.62586   -0.79000
   0.68611    0.62581   -0.78833
   0.68889    0.62576   -0.78667
   0.69167    0.62571   -0.78500
   0.69444    0.62566   -0.78333
   0.69722    0.62561   -0.78167
   0.70000    0.62556   -0.78000
   0.70278    0.62551   -0.77833
   0.70556    0.62546   -0.77667
   0.70833    0.62541   -0.77500
   0.71111    0.62536   -0.77333
   0.71389    0.62531   -0.77167
   0.71667    0.62526   -0.77000
   0.71944    0.62521   -0.76833
   0.72222    0.62516   -0.76667
   0.72500    0.62511   -0.76500
   0.72778    0.62506   -0.76333
   0.73056    0.62501   -0.76167
   0.73333    0.62496   -0.76000
   0.73611    0.62491   -0.75833
   0.73889    0.62486   -0.75667
   0.74167    0.62481   -0.75500
   0.74444    0.62476   -0.75333
   0.74722    0.62471   -0.75167
   0.75000    0.62466   -0.75000
   0.75278    0.62461   -0.74833
   0.75556    0.62456   -0.74667
   0.75833    0.62451   -0.74500
   0.76111    0.62446   -0.74333
   0.76389    0.62441   -0.74167
   0.76667    0.62436   -0.74000
   0.76944    0.62431   -0.73833
   0.77222    0.62426   -0.73667
   0.77500    0.62421   -0.73500
   0.77778    0.62416   -0.73333
   0.78056    0.62411   -0.73167
   0.78333    0.62406   -0.73000
   0.78611    0.62401   -0.72833
   0.78889    0.62396   -0.72667
   0.79167    0.62391   -0.72500
   0.79444    0.62386   -0.72333
   0.79722    0.62381   -0.72167
   0.80000    0.62376   -0.72000
   0.80278    0.62371   -0.71833
   0.80556    0.62366   -0.71667
   0.80833    0.62361   -0.71500
   0.81111    0.62356   -0.71333
   0.81389    0.62351   -0.71167
   0.81667    0.62346   -0.71000
   0.81944    0.62341   -0.70833
   0.82222    0.62336   -0.70667
   0.82500    0.62331   -0.70500
   0.82778    0.62326   -0.70333
   0.83056    0.62321   -0.70167
   0.83333    0.62316   -0.70000
   0.83611    0.62311   -0.69833
   0.83889    0.62306   -0.69667
   0.84167    0.62301   -0.69500
   0.84444    0.62296   -0.69333
   0.84722    0.62291   -0.69167
   0.85000    0.62286   -0.69000
   0.85278    0.62281   -0.68833
   0.85556    0.62276   -0.68667
   0.85833    0.62271   -0.68500
   0.86111    0.62266   -0.68333
   0.86389    0.62261   -0.68167
   0.86667    0.62256   -0.68000
   0.86944    0.62251   -0.67833
   0.87222    0.62246   -0.67667
   0.87500    0.62241   -0.67500
   0.87778    0.62236   -0.67333
   0.88056    0.62231   -0.67167
   0.88333    0.62226   -0.67000
   0.88611    0.62221   -0.66833
   0.88889    0.62216   -0.66667
   0.89167    0.62211   -0.66500
   0.89444    0.62206   -0.66333
   0.89722    0.62201   -0.66167
   0.90000    0.62196   -0.66000
   0.90278    0.62191   -0.65833
   0.90556    0.62186   -0.65667
   0.90833    0.62181   -0.65500
   0.91111    0.62176   -0.65333
   0.91389    0.62171   -0.65167
   0.91667    0.62166   -0.65000
   0.91944    0.62161   -0.64833
   0.92222    0.62157   -0.64667
   0.92500    0.62152   -0.64500
   0.92778    0.62147   -0.64333
   0.93056    0.62142   -0.64167
   0.93333    0.62137   -0.64000
   0.93611    0.62132   -0.63833
   0.93889    0.62127   -0.63667
   0.94167    0.62122   -0.63500
   0.94444    0.62117   -0.63333
   0.94722    0.62112   -0.63167
   0.95000    0.62107   -0.63000
   0.95278    0.62102   -0.62833
   0.95556    0.62097   -0.62667
   0.95833    0.62092   -0.62500
   0.96111    0.62087   -0.62333
   0.96389    0.62082   -0.62167
   0.96667    0.62077   -0.62000
   0.96944    0.62072   -0.61833
   0.97222    0.62067   -0.61667
   0.97500    0.62062   -0.61500
   0.97778    0.62057   -0.61333
   0.98056    0.62052   -0.61167
   0.98333    0.62047   -0.61000
   0.98611    0.62042   -0.60833
   0.98889    0.62037   -0.60667
   0.99167    0.62032   -0.60500
   0.99444    0.62027   -0.60333
   0.99722    0.62022   -0.60167
   1.00000    0.62017   -0.60000
   1.00278    0.62014   -0.59917
   1.00556    0.62012   -0.59833
   1.00833    0.62009   -0.59750
   1.01111    0.62007   -0.59667
   1.01389    0.62004   -0.59583
   1.01667    0.62002   -0.59500
   1.01944    0.61999   -0.59417
   1.02222    0.61997   -0.59333
   1.02500    0.61994   -0.59250
   1.02778    0.61992   -0.59167
   1.03056    0.61989   -0.59083
   1.03333    0.61987   -0.59000
   1.03611    0.61984   -0.58917
   1.03889    0.61982   -0.58833
   1.04167    0.61979   -0.58750
   1.04444    0.61977   -0.58667
   1.04722    0.61974   -0.58583
   1.05000    0.61972   -0.58500
   1.05278    0.61969   -0.58417
   1.05556    0.61967   -0.58333
   1.05833    0.61964   -0.58250
   1.06111    0.61962   -0.58167
   1.06389    0.61959   -0.58083
   1.06667    0.61957   -0.58000
   1.06944    0.61954   -0.57917
   1.07222    0.61952   -0.57833
   1.07500    0.61949   -0.57750
   1.07778    0.61947   -0.57667
   1.08056    0.61944   -0.57583
   1.08333    0.61942   -0.57500
   1.08611    0.61939   -0.57417
   1.08889    0.61937   -0.57333
   1.09167    0.61934   -0.57250
   1.09444    0.61932   -0.57167
   1.09722    0.61929   -0.57083
   1.10000    0.61927   -0.57000
   1.10278    0.61924   -0.56917
   1.10556    0.61922   -0.56833
   1.10833    0.61919   -0.56750
   1.11111    0.61917   -0.56667
   1.11389    0.61914   -0.56583
   1.11667    0.61912   -0.56500
   1.11944    0.61909   -0.56417
   1.12222    0.61907   -0.56333
   1.12500    0.61904   -0.56250
   1.12778    0.61902   -0.56167
   1.13056    0.61899   -0.56083
   1.13333    0.61897   -0.56000
   1.13611    0.61894   -0.55917
   1.13889    0.61892   -0.55833
   1.14167    0.61889   -0.55750
   1.14444    0.61887   -0.55667
   1.14722    0.61884   -0.55583
   1.15000    0.61882   -0.55500
   1.15278    0.61879   -0.55417
   1.15556    0.61877   -0.55333
   1.15833    0.61874   -0.55250
   1.16111    0.61872   -0.55167
   1.16389    0.61869   -0.55083
   1.16667    0.61867   -0.55000
   1.16944    0.61864   -0.54917
   1.17222    0.61862   -0.54833
   1.17500    0.61859   -0.54750
   1.17778    0.61857   -0.54667
   1.18056    0.61854   -0.54583
   1.18333    0.61852   -0.54500
   1.18611    0.61849   -0.54417
   1.18889    0.61847   -0.54333
   1.19167    0.61844   -0.54250
   1.19444    0.61842   -0.54167
   1.19722    0.61839   -0.54083
   1.20000    0.61837   -0.54000
   1.20278    0.61834   -0.53917
   1.20556    0.61832   -0.53833
   1.20833    0.61829   -0.53750
   1.21111    0.61827   -0.53667
   1.21389    0.61824   -0.53583
   1.21667    0.61822   -0.53500
   1.21944    0.61819   -0.53417
   1.22222    0.61817   -0.53333
   1.22500    0.61814   -0.53250
   1.22778    0.61812   -0.53167
   1.23056    0.61809   -0.53083
   1.23333    0.61807   -0.53000
   1.23611    0.61804   -0.52917
   1.23889    0.61802   -0.52833
   1.24167    0.61799   -0.52750
   1.24444    0.61797   -0.52667
   1.24722    0.61794   -0.52583
   1.25000    0.61792   -0.52500
   1.25278    0.61789   -0.52417
   1.25556    0.61787   -0.52333
   1.25833    0.61784   -0.52250
   1.26111    0.61782   -0.52167
   1.26389    0.61779   -0.52083
   1.26667    0.61777   -0.52000
   1.26944    0.61774   -0.51917
   1.27222    0.61772   -0.51833
   1.27500    0.61769   -0.51750
   1.27778    0.61767   -0.51667
   1.28056    0.61764   -0.51583
   1.28333    0.61762   -0.51500
   1.28611    0.61759   -0.51417
   1.28889    0.61757   -0.51333
   1.29167    0.61754   -0.51250
   1.29444    0.61752   -0.51167
   1.29722    0.61749   -0.51083
   1.30000    0.61747   -0.51000
   1.30278    0.61744   -0.50917
   1.30556    0.61742   -0.50833
   1.30833    0.61739   -0.50750
   1.31111    0.61737   -0.50667
   1.31389    0.61734   -0.50583
   1.31667    0.61732   -0.50500
   1.31944    0.61729   -0.50417
   1.32222    0.61727   -0.50333
   1.32500    0.61725   -0.50250
   1.32778    0.61722   -0.50167
   1.33056    0.61720   -0.50083
   1.33333    0.61717   -0.50000
   1.33611    0.61715   -0.49917
   1.33889    0.61712   -0.49833
   1.34167    0.61710   -0.49750
   1.34444    0.61707   -0.49667
   1.34722    0.61705   -0.49583
   1.35000    0.61702   -0.49500
   1.35278    0.61700   -0.49417
   1.35556    0.61697   -0.49333
   1.35833    0.61695   -0.49250
   1.36111    0.61692   -0.49167
   1.36389    0.61690   -0.49083
   1.36667    0.61687   -0.49000
   1.36944    0.61685   -0.48917
   1.37222    0.61682   -0.48833
   1.37500    0.61680   -0.48750
   1.37778    0.61677   -0.48667
   1.38056    0.61675   -0.48583
   1.38333    0.61672   -0.48500
   1.38611    0.61670   -0.48417
   1.38889    0.61667   -0.48333
   1.39167    0.61665   -0.48250
   1.39444    0.61662   -0.48167
   1.39722    0.61660   -0.48083
   1.40000    0.61657   -0.48000
   1.40278    0.61655   -0.47917
   1.40556    0.61652   -0.47833
   1.40833    0.61650   -0.47750
   1.41111    0.61647   -0.47667
   1.41389    0.61645   -0.47583
   1.41667    0.61642   -0.47500
   1.41944    0.61640   -0.47417
   1.42222    0.61637   -0.47333
   1.42500    0.61635   -0.47250
   1.42778    0.61632   -0.47167
   1.43056    0.61630   -0.47083
   1.43333    0.61627   -0.47000
   1.43611    0.61625   -0.46917
   1.43889    0.61622   -0.46833
   1.44167    0.61620   -0.46750
   1.44444    0.61617   -0.46667
   1.44722    0.61615   -0.46583
   1.45000    0.61612   -0.46500
   1.45278    0.61610   -0.46417
   1.45556    0.61607   -0.46333
   1.45833    0.61605   -0.46250
   1.46111    0.61602   -0.46167
   1.46389    0.61600   -0.46083
   1.46667    0.61597   -0.46000
   1.46944    0.61595   -0.45917
   1.47222    0.61592   -0.45833
   1.47500    0.61590   -0.45750
   1.47778    0.61587   -0.45667
   1.48056    0.61585   -0.45583
   1.48333    0.61582   -0.45500
   1.48611    0.61580   -0.45417
   1.48889    0.61577   -0.45333
   1.49167    0.61575   -0.45250
   1.49444    0.61572   -0.45167
   1.49722    0.61570   -0.45083
   1.50000    0.61567   -0.45000
   1.50278    0.61565   -0.44917
   1.50556    0.61562   -0.44833
   1.50833    0.61560   -0.44750
   1.51111    0.61557   -0.44667
   1.51389    0.61555   -0.44583
   1.51667    0.61552   -0.44500
   1.51944    0.61550   -0.44417
   1.52222    0.61547   -0.44333
   1.52500    0.61545   -0.44250
   1.52778    0.61542   -0.44167
   1.53056    0.61540   -0.44083
   1.53333    0.61537   -0.44000
   1.53611    0.61535   -0.43917
   1.53889    0.61532   -0.43833
   1.54167    0.61530   -0.43750
   1.54444    0.61527   -0.43667
   1.54722    0.61525   -0.43583
   1.55000    0.61522   -0.43500
   1.55278    0.61520   -0.43417
   1.55556    0.61517   -0.43333
   1.55833    0.61515   -0.43250
   1.56111    0.61512   -0.43167
   1.56389    0.61510   -0.43083
   1.56667    0.61507   -0.43000
   1.56944    0.61505   -0.42917
   1.57222    0.61502   -0.42833
   1.57500    0.61500   -0.42750
   1.57778    0.61497   -0.42667
   1.58056    0.61495   -0.42583
   1.58333    0.61492   -0.42500
   1.58611    0.61490   -0.42417
   1.58889    0.61487   -0.42333
   1.59167    0.61485   -0.42250
   1.59444    0.61482   -0.42167
   1.59722    0.61480   -0.42083
   1.60000    0.61477   -0.42000
   1.60278    0.61475   -0.41917
   1.60556    0.61472   -0.41833
   1.60833    0.61470   -0.41750
   1.61111    0.61467   -0.41667
   1.61389    0.61465   -0.41583
   1.61667    0.61462   -0.41500
   1.61944    0.61460   -0.41417
   1.62222    0.61457   -0.41333
   1.62500    0.61455   -0.41250
   1.62778    0.61452   -0.41167
   1.63056    0.61450   -0.41083
   1.63333    0.61447   -0.41000
   1.63611    0.61445   -0.40917
   1.63889    0.61442   -0.40833
   1.64167    0.61440   -0.40750
   1.64444    0.61437   -0.40667
   1.64722    0.61435   -0.40583
   1.65000    0.61432   -0.40500
   1.65278    0.61430   -0.40417
   1.65556    0.61427   -0.40333
   1.65833    0.61425   -0.40250
   1.66111    0.61422   -0.40167
   1.66389    0.61420   -0.40083
   1.66667    0.61417   -0.40000
   1.66944    0.61415   -0.39917
   1.67222    0.61412   -0.39833
   1.67500    0.61410   -0.39750
   1.67778    0.61407   -0.39667
   1.68056    0.61405   -0.39583
   1.68333    0.61402   -0.39500
   1.68611    0.61400   -0.39417
   1.68889    0.61397   -0.39333
   1.69167    0.61395   -0.39250
   1.69444    0.61392   -0.39167
   1.69722    0.61390   -0.39083
   1.70000    0.61387   -0.39000
   1.70278    0.61385   -0.38917
   1.70556    0.61382   -0.38833
   1.70833    0.61380   -0.38750
   1.71111    0.61377   -0.38667
   1.71389    0.61375   -0.38583
   1.71667    0.61372   -0.38500
   1.71944    0.61370   -0.38417
   1.72222    0.61367   -0.38333
   1.72500    0.61365   -0.38250
   1.72778    0.61362   -0.38167
   1.73056    0.61360   -0.38083
   1.73333    0.61357   -0.38000
   1.73611    0.61355   -0.37917
   1.73889    0.61352   -0.37833
   1.74167    0.61350   -0.37750
   1.74444    0.61347   -0.37667
   1.74722    0.61345   -0.37583
   1.75000    0.61342   -0.37500
   1.75278    0.61340   -0.37417
   1.75556    0.61337   -0.37333
   1.75833    0.61335   -0.37250
   1.76111    0.61332   -0.37167
   1.76389    0.61330   -0.37083
   1.76667    0.61327   -0.37000
   1.76944    0.61325   -0.36917
   1.77222    0.61322   -0.36833
   1.77500    0.61320   -0.36750
   1.77778    0.61317   -0.36667
   1.78056    0.61315   -0.36583
   1.78333    0.61312   -0.36500
   1.78611    0.61310   -0.36417
   1.78889    0.61307   -0.36333
   1.79167    0.61305   -0.36250
   1.79444    0.61302   -0.36167
   1.79722    0.61300   -0.36083
   1.80000    0.61297   -0.36000
   1.80278    0.61295   -0.35917
   1.80556    0.61292   -0.35833
   1.80833    0.61290   -0.35750
   1.81111    0.61287   -0.35667
   1.81389    0.61285   -0.35583
   1.81667    0.61282   -0.35500
   1.81944    0.61280   -0.35417
   1.82222    0.61277   -0.35333
   1.82500    0.61275   -0.35250
   1.82778    0.61273   -0.35167
   1.83056    0.61270   -0.35083
   1.83333    0.61268   -0.35000
   1.83611    0.61265   -0.34917
   1.83889    0.61263   -0.34833
   1.84167    0.61260   -0.34750
   1.84444    0.61258   -0.34667
   1.84722    0.61255   -0.34583
   1.85000    0.61253   -0.34500
   1.85278    0.61250   -0.34417
   1.85556    0.61248   -0.34333
   1.85833    0.61245   -0.34250
   1.86111    0.61243   -0.34167
   1.86389    0.61240   -0.34083
   1.86667    0.61238   -0.34000
   1.86944    0.61235   -0.33917
   1.87222    0.61233   -0.33833
   1.87500    0.61230   -0.33750
   1.87778    0.61228   -0.33667
   1.88056    0.61225   -0.33583
   1.88333    0.61223   -0.33500
   1.88611    0.61220   -0.33417
   1.88889    0.61218   -0.33333
   1.89167    0.61215   -0.33250
   1.89444    0.61213   -0.33167
   1.89722    0.61210   -0.33083
   1.90000    0.61208   -0.33000
   1.90278    0.61205   -0.32917
   1.90556    0.61203   -0.32833
   1.90833    0.61200   -0.32750
   1.91111    0.61198   -0.32667
   1.91389    0.61195   -0.32583
   1.91667    0.61193   -0.32500
   1.91944    0.61190   -0.32417
   1.92222    0.61188   -0.32333
   1.92500    0.61185   -0.32250
   1.92778    0.61183   -0.32167
   1.93056    0.61180   -0.32083
   1.93333    0.61178   -0.32000
   1.93611    0.61175   -0.31917
   1.93889    0.61173   -0.31833
   1.94167    0.61170   -0.31750
   1.94444    0.61168   -0.31667
   1.94722    0.61165   -0.31583
   1.95000    0.61163   -0.31500
   1.95278    0.61160   -0.31417
   1.95556    0.61158   -0.31333
   1.95833    0.61155   -0.31250
   1.96111    0.61153   -0.31167
   1.96389    0.61150   -0.31083
   1.96667    0.61148   -0.31000
   1.96944    0.61145   -0.30917
   1.97222    0.61143   -0.30833
   1.97500    0.61140   -0.30750
   1.97778    0.61138   -0.30667
   1.98056    0.61135   -0.30583
   1.98333    0.61133   -0.30500
   1.98611    0.61130   -0.30417
   1.98889    0.61128   -0.30333
   1.99167    0.61125   -0.30250
   1.99444    0.61123   -0.30167
   1.99722    0.61120   -0.30083
   2.00000    0.61118   -0.30000
   2.00278    0.61116   -0.29944
   2.00556    0.61114   -0.29889
   2.00833    0.61113   -0.29833
   2.01111    0.61111   -0.29778
   2.01389    0.61109   -0.29722
   2.01667    0.61108   -0.29667
   2.01944    0.61106   -0.29611
   2.02222    0.61104   -0.29556
   2.02500    0.61103   -0.29500
   2.02778    0.61101   -0.29444
   2.03056    0.61099   -0.29389
   2.03333    0.61098   -0.29333
   2.03611    0.61096   -0.29278
   2.03889    0.61094   -0.29222
   2.04167    0.61093   -0.29167
   2.04444    0.61091   -0.29111
   2.04722    0.61089   -0.29056
   2.05000    0.61088   -0.29000
   2.05278    0.61086   -0.28944
   2.05556    0.61084   -0.28889
   2.05833    0.61083   -0.28833
   2.06111    0.61081   -0.28778
   2.06389    0.61079   -0.28722
   2.06667    0.61078   -0.28667
   2.06944    0.61076   -0.28611
   2.07222    0.61074   -0.28556
   2.07500    0.61073   -0.28500
   2.07778    0.61071   -0.28444
   2.08056    0.61069   -0.28389
   2.08333    0.61068   -0.28333
   2.08611    0.61066   -0.28278
   2.08889    0.61064   -0.28222
   2.09167    0.61063   -0.28167
   2.09444    0.61061   -0.28111
   2.09722    0.61059   -0.28056
   2.10000    0.61058   -0.28000
   2.10278    0.61056   -0.27944
   2.10556    0.61054   -0.27889
   2.10833    0.61053   -0.27833
   2.11111    0.61051   -0.27778
   2.11389    0.61049   -0.27722
   2.11667    0.61048   -0.27667
   2.11944    0.61046   -0.27611
   2.12222    0.61044   -0.27556
   2.12500    0.61043   -0.27500
   2.12778    0.61041   -0.27444
   2.13056    0.61039   -0.27389
   2.13333    0.61038   -0.27333
   2.13611    0.61036   -0.27278
   2.13889    0.61034   -0.27222
   2.14167    0.61033   -0.27167
   2.14444    0.61031   -0.27111
   2.14722    0.61029   -0.27056
   2.15000    0.61028   -0.27000
   2.15278    0.61026   -0.26944
   2.15556    0.61024   -0.26889
   2.15833    0.61023   -0.26833
   2.16111    0.61021   -0.26778
   2.16389    0.61019   -0.26722
   2.16667    0.61018   -0.26667
   2.16944    0.61016   -0.26611
   2.17222    0.61014   -0.26556
   2.17500    0.61013   -0.26500
   2.17778    0.61011   -0.26444
   2.18056    0.61009   -0.26389
   2.18333    0.61008   -0.26333
   2.18611    0.61006   -0.26278
   2.18889    0.61004   -0.26222
   2.19167    0.61003   -0.26167
   2.19444    0.61001   -0.26111
   2.19722    0.60999   -0.26056
   2.20000    0.60998   -0.26000
   2.20278    0.60996   -0.25944
   2.20556    0.60994   -0.25889
   2.20833    0.60993   -0.25833
   2.21111    0.60991   -0.25778
   2.21389    0.60989   -0.25722
   2.21667    0.60988   -0.25667
   2.21944    0.60986   -0.25611
   2.22222    0.60984   -0.25556
   2.22500    0.60983   -0.25500
   2.22778    0.60981   -0.25444
   2.23056    0.60979   -0.25389
   2.23333    0.60978   -0.25333
   2.23611    0.60976   -0.25278
   2.23889    0.60974   -0.25222
   2.24167    0.60973   -0.25167
   2.24444    0.60971   -0.25111
   2.24722    0.60969   -0.25056
   2.25000    0.60968   -0.25000
   2.25278    0.60966   -0.24944
   2.25556    0.60964   -0.24889
   2.25833    0.60963   -0.24833
   2.26111    0.60961   -0.24778
   2.26389    0.60959   -0.24722
   2.26667    0.60958   -0.24667
   2.26944    0.60956   -0.24611
   2.27222    0.60955   -0.24556
   2.27500    0.60953   -0.24500
   2.27778    0.60951   -0.24444
   2.28056    0.60950   -0.24389
   2.28333    0.60948   -0.24333
   2.28611    0.60946   -0.24278
   2.28889    0.60945   -0.24222
   2.29167    0.60943   -0.24167
   2.29444    0.60941   -0.24111
   2.29722    0.60940   -0.24056
   2.30000    0.60938   -0.24000
   2.30278    0.60936   -0.23944
   2.30556    0.60935   -0.23889
   2.30833    0.60933   -0.23833
   2.31111    0.60931   -0.23778
   2.31389    0.60930   -0.23722
   2.31667    0.60928   -0.23667
   2.31944    0.60926   -0.23611
   2.32222    0.60925   -0.23556
   2.32500    0.60923   -0.23500
   2.32778    0.60921   -0.23444
   2.33056    0.60920   -0.23389
   2.33333    0.60918   -0.23333
   2.33611    0.60916   -0.23278
   2.33889    0.60915   -0.23222
   2.34167    0.60913   -0.23167
   2.34444    0.60911   -0.23111
   2.34722    0.60910   -0.23056
   2.35000    0.60908   -0.23000
   2.35278    0.60906   -0.22944
   2.35556    0.60905   -0.22889
   2.35833    0.60903   -0.22833
   2.36111    0.60901   -0.22778
   2.36389    0.60900   -0.22722
   2.36667    0.60898   -0.22667
   2.36944    0.60896   -0.22611
   2.37222    0.60895   -0.22556
   2.37500    0.60893   -0.22500
   2.37778    0.60891   -0.22444
   2.38056    0.60890   -0.22389
   2.38333    0.60888   -0.22333
   2.38611    0.60886   -0.22278
   2.38889    0.60885   -0.22222
   2.39167    0.60883   -0.22167
   2.39444    0.60881   -0.22111
   2.39722    0.60880   -0.22056
   2.40000    0.60878   -0.22000
   2.40278    0.60876   -0.21944
   2.40556    0.60875   -0.21889
   2.40833    0.60873   -0.21833
   2.41111    0.60871   -0.21778
   2.41389    0.60870   -0.21722
   2.41667    0.60868   -0.21667
   2.41944    0.60866   -0.21611
   2.42222    0.60865   -0.21556
   2.42500    0.60863   -0.21500
   2.42778    0.60861   -0.21444
   2.43056    0.60860   -0.21389
   2.43333    0.60858   -0.21333
   2.43611    0.60856   -0.21278
   2.43889    0.60855   -0.21222
   2.44167    0.60853   -0.21167
   2.44444    0.60851   -0.21111
   2.44722    0.60850   -0.21056
   2.45000    0.60848   -0.21000
   2.45278    0.60846   -0.20944
   2.45556    0.60845   -0.20889
   2.45833    0.60843   -0.20833
   2.46111    0.60841   -0.20778
   2.46389    0.60840   -0.20722
   2.46667    0.60838   -0.20667
   2.46944    0.60836   -0.20611
   2.47222    0.60835   -0.20556
   2.47500    0.60833   -0.20500
   2.47778    0.60831   -0.20444
   2.48056    0.60830   -0.20389
   2.48333    0.60828   -0.20333
   2.48611    0.60826   -0.20278
   2.48889    0.60825   -0.20222
   2.49167    0.60823   -0.20167
   2.49444    0.60821   -0.20111
   2.49722    0.60820   -0.20056
   2.50000    0.60818   -0.20000
   2.50278    0.60816   -0.19944
   2.50556    0.60815   -0.19889
   2.50833    0.60813   -0.19833
   2.51111    0.60811   -0.19778
   2.51389    0.60810   -0.19722
   2.51667    0.60808   -0.19667
   2.51944    0.60806   -0.19611
   2.52222    0.60805   -0.19556
   2.52500    0.60803   -0.19500
   2.52778    0.60801   -0.19444
   2.53056    0.60800   -0.19389
   2.53333    0.60798   -0.19333
   2.53611    0.60796   -0.19278
   2.53889    0.60795   -0.19222
   2.54167    0.60793   -0.19167
   2.54444    0.60791   -0.19111
   2.54722    0.60790   -0.19056
   2.55000    0.60788   -0.19000
   2.55278    0.60786   -0.18944
   2.55556    0.60785   -0.18889
   2.55833    0.60783   -0.18833
   2.56111    0.60781   -0.18778
   2.56389    0.60780   -0.18722
   2.56667    0.60778   -0.18667
   2.56944    0.60776   -0.18611
   2.57222    0.60775   -0.18556
   2.57500    0.60773   -0.18500
   2.57778    0.60771   -0.18444
   2.58056    0.60770   -0.18389
   2.58333    0.60768   -0.18333
   2.58611    0.60766   -0.18278
   2.58889    0.60765   -0.18222
   2.59167    0.60763   -0.18167
   2.59444    0.60761   -0.18111
   2.59722    0.60760   -0.18056
   2.60000    0.60758   -0.18000
   2.60278    0.60756   -0.17944
   2.60556    0.60755   -0.17889
   2.60833    0.60753   -0.17833
   2.61111    0.60751   -0.17778
   2.61389    0.60750   -0.17722
   2.61667    0.60748   -0.17667
   2.61944    0.60746   -0.17611
   2.62222    0.60745   -0.17556
   2.62500    0.60743   -0.17500
   2.62778    0.60741   -0.17444
   2.63056    0.60740   -0.17389
   2.63333    0.60738   -0.17333
   2.63611    0.60736   -0.17278
   2.63889    0.60735   -0.17222
   2.64167    0.60733   -0.17167
   2.64444    0.60731   -0.17111
   2.64722    0.60730   -0.17056
   2.65000    0.60728   -0.17000
   2.65278    0.60726   -0.16944
   2.65556    0.60725   -0.16889
   2.65833    0.60723   -0.16833
   2.66111    0.60721   -0.16778
   2.66389    0.60720   -0.16722
   2.66667    0.60718   -0.16667
   2.66944    0.60716   -0.16611
   2.67222    0.60715   -0.16556
   2.67500    0.60713   -0.16500
   2.67778    0.60711   -0.16444
   2.68056    0.60710   -0.16389
   2.68333    0.60708   -0.16333
   2.68611    0.60706   -0.16278
   2.68889    0.60705   -0.16222
   2.69167    0.60703   -0.16167
   2.69444    0.60701   -0.16111
   2.69722    0.60700   -0.16056
   2.70000    0.60698   -0.16000
   2.70278    0.60696   -0.15944
   2.70556    0.60695   -0.15889
   2.70833    0.60693   -0.15833
   2.71111    0.60691   -0.15778
   2.71389    0.60690   -0.15722
   2.71667    0.60688   -0.15667
   2.71944    0.60686   -0.15611
   2.72222    0.60685   -0.15556
   2.72500    0.60683   -0.15500
   2.72778    0.60681   -0.15444
   2.73056    0.60680   -0.15389
   2.73333    0.60678   -0.15333
   2.73611    0.60676   -0.15278
   2.73889    0.60675   -0.15222
   2.74167    0.60673   -0.15167
   2.74444    0.60671   -0.15111
   2.74722    0.60670   -0.15056
   2.75000    0.60668   -0.15000
   2.75278    0.60666   -0.14944
   2.75556    0.60665   -0.14889
   2.75833    0.60663   -0.14833
   2.76111    0.60661   -0.14778
   2.76389    0.60660   -0.14722
   2.76667    0.60658   -0.14667
   2.76944    0.60656   -0.14611
   2.77222    0.60655   -0.14556
   2.77500    0.60653   -0.14500
   2.77778    0.60651   -0.14444
   2.78056    0.60650   -0.14389
   2.78333    0.60648   -0.14333
   2.78611    0.60646   -0.14278
   2.78889    0.60645   -0.14222
   2.79167    0.60643   -0.14167
   2.79444    0.60641   -0.14111
   2.79722    0.60640   -0.14056
   2.80000    0.60638   -0.14000
   2.80278    0.60636   -0.13944
   2.80556    0.60635   -0.13889
   2.80833    0.60633   -0.13833
   2.81111    0.60631   -0.13778
   2.81389    0.60630   -0.13722
   2.81667    0.60628   -0.13667
   2.81944    0.60626   -0.13611
   2.82222    0.60625   -0.13556
   2.82500    0.60623   -0.13500
   2.82778    0.60622   -0.13444
   2.83056    0.60620   -0.13389
   2.83333    0.60618   -0.13333
   2.83611    0.60617   -0.13278
   2.83889    0.60615   -0.13222
   2.84167    0.60613   -0.13167
   2.84444    0.60612   -0.13111
   2.84722    0.60610   -0.13056
   2.85000    0.60608   -0.13000
   2.85278    0.60607   -0.12944
   2.85556    0.60605   -0.12889
   2.85833    0.60603   -0.12833
   2.86111    0.60602   -0.12778
   2.86389    0.60600   -0.12722
   2.86667    0.60598   -0.12667
   2.86944    0.60597   -0.12611
   2.87222    0.60595   -0.12556
   2.87500    0.60593   -0.12500
   2.87778    0.60592   -0.12444
   2.88056    0.60590   -0.12389
   2.88333    0.60588   -0.12333
   2.88611    0.60587   -0.12278
   2.88889    0.60585   -0.12222
   2.89167    0.60583   -0.12167
   2.89444    0.60582   -0.12111
   2.89722    0.60580   -0.12056
   2.90000    0.60578   -0.12000
   2.90278    0.60577   -0.11944
   2.90556    0.60575   -0.11889
   2.90833    0.60573   -0.11833
   2.91111    0.60572   -0.11778
   2.91389    0.60570   -0.11722
   2.91667    0.60568   -0.11667
   2.91944    0.60567   -0.11611
   2.92222    0.60565   -0.11556
   2.92500    0.60563   -0.11500
   2.92778    0.60562   -0.11444
   2.93056    0.60560   -0.11389
   2.93333    0.60558   -0.11333
   2.93611    0.60557   -0.11278
   2.93889    0.60555   -0.11222
   2.94167    0.60553   -0.11167
   2.94444    0.60552   -0.11111
   2.94722    0.60550   -0.11056
   2.95000    0.60548   -0.11000
   2.95278    0.60547   -0.10944
   2.95556    0.60545   -0.10889
   2.95833    0.60543   -0.10833
   2.96111    0.60542   -0.10778
   2.96389    0.60540   -0.10722
   2.96667    0.60538   -0.10667
   2.96944    0.60537   -0.10611
   2.97222    0.60535   -0.10556
   2.97500    0.60533   -0.10500
   2.97778    0.60532   -0.10444
   2.98056    0.60530   -0.10389
   2.98333    0.60528   -0.10333
   2.98611    0.60527   -0.10278
   2.98889    0.60525   -0.10222
   2.99167    0.60523   -0.10167
   2.99444    0.60522   -0.10111
   2.99722    0.60520   -0.10056
